CASSELPGPPGEQYF,SPRWYFYYL,1
CASSQDGLSETQYF,SPRWYFYYL,1
CASSDRPLGPNTEAFF,SPRWYFYYL,1
CASSEGQDNYGYTF,SPRWYFYYL,1
CASSYLAGGYNEQFF,SPRWYFYYL,1
CASSPLTGTGSDKETQYF,SPRWYFYYL,1
CASSLKTGGSTEAFF,SPRWYFYYL,1
CASSPRETANSGANVLTF,SPRWYFYYL,1
CASSHLVGSAIAKNIQYF,SPRWYFYYL,1
CASSPLVGSALAKNIQYF,SPRWYFYYL,1
CASSALAGGPPEGKNIQYF,SPRWYFYYL,1
CASSEKPLSSYNEQFF,SPRWYFYYL,1
CSARGGDSAYEQYF,SPRWYFYYL,1
CASSPLAGHPSTKNIQYF,SPRWYFYYL,1
CATSTGGQPQHF,SPRWYFYYL,1
CASSLEAGRSPYEQYF,SPRWYFYYL,1
CASSSKQGPGELFF,SPRWYFYYL,1
CASSIFSASGSVTDTQYF,SPRWYFYYL,1
CASSERTGGSTEAFF,SPRWYFYYL,1
CASSLGVFTGAGNQPQHF,SPRWYFYYL,1
CASSVGSGLQYYEQYF,SPRWYFYYL,1
CASSLALLAGAGGELFF,SPRWYFYYL,1
CASSALAGGPDNEQFF,SPRWYFYYL,1
CAWSPITSNYGYTF,SPRWYFYYL,1
CSARAYRESAQYF,SPRWYFYYL,1
CASSYFQSSGGGYTF,SPRWYFYYL,1
CASSRFPTGSNNEQFF,SPRWYFYYL,1
CASRAKVGAANEQFF,SPRWYFYYL,1
CASSLGQGHFTF,SPRWYFYYL,1
CASSERDSPGNVLTF,SPRWYFYYL,1
CASSQDQGGAEAFF,SPRWYFYYL,1
CASSLFAGAQGNQPQHF,SPRWYFYYL,1
CASSQRGLAGAPSYNEQFF,SPRWYFYYL,1
CASSEGLAGTNTGELFF,SPRWYFYYL,1
CASSERASPGNVLTF,SPRWYFYYL,1
CSAGTRDKYYEQYF,SPRWYFYYL,1
CASSSLTSGGARYTQYF,SPRWYFYYL,1
CASRPLTGGDQPQHF,SPRWYFYYL,1
CASRRLTGGQQPQHF,SPRWYFYYL,1
CASSSITGDRVRKETQYF,SPRWYFYYL,1
CASSDLRTANTEAFF,SPRWYFYYL,1
CASSSLTSGAYNEQFF,SPRWYFYYL,1
CASSSLTGSSGELFF,SPRWYFYYL,1
CASSQDAGTAHVGEQFF,SPRWYFYYL,1
CASSFLTGPKGDYTF,SPRWYFYYL,1
CATSDLTQDEQYF,SPRWYFYYL,1
CASSQGGAIQYF,SPRWYFYYL,1
CATSDLPGKAGYTF,SPRWYFYYL,1
CASSLPPREQYF,SPRWYFYYL,1
CASSPLAGVPLAAKNIQYF,SPRWYFYYL,1
CASSQNRNRALNTEAFF,SPRWYFYYL,1
CASSQGGSSSEKLFF,SPRWYFYYL,1
CASSWGGRGGYEQYF,SPRWYFYYL,1
CASSVLPASGAGRNEQFF,SPRWYFYYL,1
CASRAITGSGQPQHF,SPRWYFYYL,1
CASKALVGTAEAKNIQYF,SPRWYFYYL,1
CASAPLVGAPEAKNIQYF,SPRWYFYYL,1
CASRPLAGGQDKETQYF,SPRWYFYYL,1
CASSPLAGGEEKKETQYF,SPRWYFYYL,1
CASSFTSGGARRKETQYF,SPRWYFYYL,1
CASSYLPGGAKTEAFF,SPRWYFYYL,1
CASSTLATNEKLFF,SPRWYFYYL,1
CASSFIEGSPNTEAFF,SPRWYFYYL,1
CASSLNRANTEAFF,SPRWYFYYL,1
CASRKITGGPNQPQHF,SPRWYFYYL,1
CASSLITSAIYEQYF,SPRWYFYYL,1
CSARTETGELFF,SPRWYFYYL,1
CASSRIRDYTDTQYF,SPRWYFYYL,1
CASTPRGNPGDEQFF,SPRWYFYYL,1
CASSPLRQAKIEAFF,SPRWYFYYL,1
CASSLGTSQFF,SPRWYFYYL,1
CATSSGIGAGATDTQYF,SPRWYFYYL,1
CASSALAGGFNEQFF,SPRWYFYYL,1
CASSLIISAGDTEAFF,SPRWYFYYL,1
CASSQGLAGATSTDTQYF,SPRWYFYYL,1
CASSRTARAYEQYF,SPRWYFYYL,1
CASSPIAGLKVNEQFF,SPRWYFYYL,1
CASSPIITGGNYGYTF,SPRWYFYYL,1
CASSSLLGGPQPQHF,SPRWYFYYL,1
CASSPLTSSSYNEQFF,SPRWYFYYL,1
CASSSLVGKQEAKNIQYF,SPRWYFYYL,1
CSARGSDHFYTEAFF,SPRWYFYYL,1
CATSDLTQDTQYF,SPRWYFYYL,1
CASSPAVGDPLAKNIQYF,SPRWYFYYL,1
CASLAGETQYF,SPRWYFYYL,1
CASSFSLGHPTDTQYF,SPRWYFYYL,1
CASSPSTGHPEAKNIQYF,SPRWYFYYL,1
CASSPMTGQEKDKNIQYF,SPRWYFYYL,1
CASSPITGAPEAKNIQYF,SPRWYFYYL,1
CASSSGTGQGGFYGYTF,SPRWYFYYL,1
CASSLFSSGQGNGYTF,SPRWYFYYL,1
CASSPLTGRSEEKETQYF,SPRWYFYYL,1
CASRPLTGGPLAKNIQYF,SPRWYFYYL,1
CSARDPGRNFYDEQFF,SPRWYFYYL,1
CASSLAGANEQFF,SPRWYFYYL,1
CASSLAGAGELFF,SPRWYFYYL,1
CASSSRTAPSDTQYF,SPRWYFYYL,1
CASSLAGGPLHEQFF,SPRWYFYYL,1
CASSQEWTGRTEAFF,SPRWYFYYL,1
CASSYYPSASGRADETQYF,SPRWYFYYL,1
CASSQDSGTGSKNTIYF,SPRWYFYYL,1
CASSPRDSPSDEQFF,SPRWYFYYL,1
CASSSMTGIGRYEQYF,SPRWYFYYL,1
CASSFLVGRAPEKETQYF,SPRWYFYYL,1
CASSLAGGWGTEAFF,SPRWYFYYL,1
CASSLAGLGYTF,SPRWYFYYL,1
CASSLFSGGAAMNTEAFF,SPRWYFYYL,1
CASSSLTGPSLAKNIQYF,SPRWYFYYL,1
CASSQVLAGSTDTQYF,SPRWYFYYL,1
CASSLAGGPATEQYF,SPRWYFYYL,1
CATSRLAGGYNEQFF,SPRWYFYYL,1
CASSEFPGPPGELFF,SPRWYFYYL,1
CASSLAGALEQYF,SPRWYFYYL,1
CASSTEDRVSYNEQFF,SPRWYFYYL,1
CASRHHLIGTGHTGELFF,SPRWYFYYL,1
CASSLAGVEQYF,SPRWYFYYL,1
CASSQDWTEVHEQFF,SPRWYFYYL,1
CSVDGGSTIYF,SPRWYFYYL,1
CSATYRGTPYEQYF,SPRWYFYYL,1
CASSLWNTGELFF,SPRWYFYYL,1
CASSLGGANVLTF,SPRWYFYYL,1
CASNLLTGGDADTQYF,SPRWYFYYL,1
CASSAIAGGRREQYF,SPRWYFYYL,1
CASSRAQSSYGYTF,SPRWYFYYL,1
CATQPRSSYNSPLHF,SPRWYFYYL,1
CASSRTGGSYNEQFF,SPRWYFYYL,1
CASRNLTGNIQYF,SPRWYFYYL,1
CATEPGQGLVGELFF,SPRWYFYYL,1
CATSEEVPNTEAFF,SPRWYFYYL,1
CASSLAGGGTQPQHF,SPRWYFYYL,1
CASSPLTGGPEEKGTQYF,SPRWYFYYL,1
CASSLAGVSSGANVLTF,SPRWYFYYL,1
CASSALTSAKRYEQFF,SPRWYFYYL,1
CASSRLTPGQGDYF,SPRWYFYYL,1
CASSAPVISGTYEQYF,SPRWYFYYL,1
CASSRLESLGNTIYF,SPRWYFYYL,1
CASSVEVQARSDTQYF,SPRWYFYYL,1
CASSPLAGGFEKKETQYF,SPRWYFYYL,1
CASRRDRVNTEAFF,SPRWYFYYL,1
CASSLGNYEQYF,SPRWYFYYL,1
CASSSLVGIQAGKETQYF,SPRWYFYYL,1
CASSPALGREQYF,SPRWYFYYL,1
CASSLAGAQGYTF,SPRWYFYYL,1
CASSLAGAQEQFF,SPRWYFYYL,1
CASSLGTPLNTEAFF,SPRWYFYYL,1
CASSLLPLGGQKDNEQFF,SPRWYFYYL,1
CASSSMTSGIRYEQYF,SPRWYFYYL,1
CASSDLAQYLNTGELFF,SPRWYFYYL,1
CASSLAGAQQAFF,SPRWYFYYL,1
CASSLIAGGPEAKNIQYF,SPRWYFYYL,1
CATSDLVEDTQYF,SPRWYFYYL,1
CASSPLTGQGLGGAYEQYF,SPRWYFYYL,1
CASSYLPTGGTDTQYF,SPRWYFYYL,1
CASSLNPNTEAFF,SPRWYFYYL,1
CASSLSGSYEQYF,SPRWYFYYL,1
CASSVTANTGELFF,SPRWYFYYL,1
CAISDYPGPKTQDTQYF,SPRWYFYYL,1
CASSLGTGPFSEQYF,SPRWYFYYL,1
CASSQSPGGTEAFF,SPRWYFYYL,1
CASRQLAGFYEQYF,SPRWYFYYL,1
CASSVEGTVNSPLHF,SPRWYFYYL,1
CASSLGRAVIWGYTF,SPRWYFYYL,1
CASKLWASGSGYGYTF,SPRWYFYYL,1
CASSSLTSGAHNEQFF,SPRWYFYYL,1
CASSVSGGAYNEQFF,SPRWYFYYL,1
CASSPLTGPPVAKNIQYF,SPRWYFYYL,1
CASSLTGSRNQPQHF,SPRWYFYYL,1
CASSQDGPRGQETQYF,SPRWYFYYL,1
CASSGLTDANTEAFF,SPRWYFYYL,1
CASSISGGYNEQFF,SPRWYFYYL,1
CASSTIAGETKNIQYF,SPRWYFYYL,1
CASRLANTEAFF,SPRWYFYYL,1
CASSPMGHEQYF,SPRWYFYYL,1
CSARGGFRSGGGTDEQFF,SPRWYFYYL,1
CASSEEIAKNIQYF,SPRWYFYYL,1
CSASGRDSVYEQYF,SPRWYFYYL,1
CSAATRDRVYEQYF,SPRWYFYYL,1
CASNLRVDEQFF,SPRWYFYYL,1
CSARAGIREGFYNEQFF,SPRWYFYYL,1
CSATDRANVNQPQHF,SPRWYFYYL,1
CASSFLTSANTGELFF,SPRWYFYYL,1
CATSDLTGANEQFF,SPRWYFYYL,1
CASSQDLASSTDTQYF,SPRWYFYYL,1
CASSPPTGNEQFF,SPRWYFYYL,1
CATSPLAGEYSGELFF,SPRWYFYYL,1
CASSYGMGGRASYNEQFF,SPRWYFYYL,1
CASSSFPGPQPNSPLHF,SPRWYFYYL,1
CASSPIAGGPISKNIQYF,SPRWYFYYL,1
CASSYLPGPPAGEQYF,SPRWYFYYL,1
CASSPDRALPEAFF,SPRWYFYYL,1
CSVDALLGAYTQYF,SPRWYFYYL,1
CSATDRAASYNSPLHF,SPRWYFYYL,1
CASRGGGTEAFF,SPRWYFYYL,1
CASSTLGTADKLNYGYTF,SPRWYFYYL,1
CASSSLTGQSQETQYF,SPRWYFYYL,1
CASSSLASSSYNEQFF,SPRWYFYYL,1
CSARDRTDSYNSPLHF,SPRWYFYYL,1
CASSGLTSAKNEQFF,SPRWYFYYL,1
CASSGLTSDRAKYGYTF,SPRWYFYYL,1
CASSYSNPGQGAEAFF,SPRWYFYYL,1
CASIPTRDTGELFF,SPRWYFYYL,1
CAAVRPSTIYF,SPRWYFYYL,1
CATSDLVSDTQYF,SPRWYFYYL,1
CASWTGAAEAFF,SPRWYFYYL,1
CASSQTYPGAYNEQFF,SPRWYFYYL,1
CASSQVLGPGELFF,SPRWYFYYL,1
CATSDPTDRVDGYTF,SPRWYFYYL,1
CASSEAISTRAQHF,SPRWYFYYL,1
CASSLATGSGNQPQHF,SPRWYFYYL,1
CAWDYLTLNTGELFF,SPRWYFYYL,1
CASSLGVAGTDTQYF,SPRWYFYYL,1
CASMGLAGGGEQYF,SPRWYFYYL,1
CASVGLAVVGELFF,SPRWYFYYL,1
CATSGTGTSGRNEQFF,SPRWYFYYL,1
CASTPLGTSSFLNTEAFF,SPRWYFYYL,1
CASRALTGHPDAKNIQYF,SPRWYFYYL,1
CASSPGTSGRPYEQYF,SPRWYFYYL,1
CASRGGGQGGSYGYTF,SPRWYFYYL,1
CASSTRTGGFSDTQYF,SPRWYFYYL,1
CASSLETGRNIQYF,SPRWYFYYL,1
CSVVPLMGGYEQYF,SPRWYFYYL,1
CASSSKPGGDYNEQFF,SPRWYFYYL,1
CASNPLAGEFTAKNIQYF,SPRWYFYYL,1
CSAWRGRGADNEQFF,SPRWYFYYL,1
CASSPGTSYEQYF,SPRWYFYYL,1
CASSAGLAGANTGELFF,SPRWYFYYL,1
CASSHLMAGGRYEQYF,SPRWYFYYL,1
CASSQWSGPSYEQYF,SPRWYFYYL,1
CSVQGRGELFF,SPRWYFYYL,1
CASSDIFLAKNIQYF,SPRWYFYYL,1
CASSDRTGRRNEQYF,SPRWYFYYL,1
SPAVHRVANNEQLF,SPRWYFYYL,1
CASSQSGTGPYEQYF,SPRWYFYYL,1
CASSPSSREQYF,SPRWYFYYL,1
CASSGLNDRFYEQYF,SPRWYFYYL,1
CASSLFRGGEKLFF,SPRWYFYYL,1
CASRGQRNTIYF,SPRWYFYYL,1
CASSRLAGGRNEQFF,SPRWYFYYL,1
CASSSFPGREMTF,SPRWYFYYL,1
CASAALAAYNEQFF,SPRWYFYYL,1
CSARDTAGATYNEQFF,SPRWYFYYL,1
CASSYYGVNEQFF,SPRWYFYYL,1
CASSLLAGGRAADKEKLFF,SPRWYFYYL,1
CSARRGLNEQFF,SPRWYFYYL,1
CSVETPGVYEQYF,SPRWYFYYL,1
CARRQGNEKLFF,SPRWYFYYL,1
CASSARDF,SPRWYFYYL,1
CASGSGGEHF,SPRWYFYYL,1
CASSQDQGAGSPLHF,SPRWYFYYL,1
CASSLGTGAQETQYF,SPRWYFYYL,1
CASSQVRGPQFF,SPRWYFYYL,1
CASRTPGTSGGSYEQYF,SPRWYFYYL,1
CSVPGTGNEAFF,SPRWYFYYL,1
CSAGGLAAPGELFF,SPRWYFYYL,1
CSVVPLAGPYEQYF,SPRWYFYYL,1
CASSPLLGGGFAEQYF,SPRWYFYYL,1
CSAKPRENWNSPLHF,SPRWYFYYL,1
CATSRRTVLRETQYF,SPRWYFYYL,1
CASTPKPFSGANVLTF,SPRWYFYYL,1
CASSRLAGGNTGELFF,SPRWYFYYL,1
CASSQPAGYGGYTF,SPRWYFYYL,1
CASQPLAGGPNEQFF,SPRWYFYYL,1
CASTGPGRRSGNTIYF,SPRWYFYYL,1
CASSGLAGGYNEQFF,SPRWYFYYL,1
CASTPMGLEVLDTQYF,SPRWYFYYL,1
CASSDRGMGETQYF,SPRWYFYYL,1
CSVVGTGGPETQYF,SPRWYFYYL,1
CASSQGPYSGNTIYF,SPRWYFYYL,1
CASSELDGRL,SPRWYFYYL,1
CASSRVPQGTGSYEQYF,SPRWYFYYL,1
CASSPGDTQYF,SPRWYFYYL,1
CASSRRATGNYQPQHF,SPRWYFYYL,1
CASSHNGELFF,SPRWYFYYL,1
CASSLNRELFF,SPRWYFYYL,1
CASSLLLRDGGRGAFF,SPRWYFYYL,1
CSVERGDTQYF,SPRWYFYYL,1
CSVSGQKEETQYF,SPRWYFYYL,1
CASSPADRTSLEGETQYF,SPRWYFYYL,1
CASSSGGYEQYF,SPRWYFYYL,1
CASSPLSGTSATKETQYF,SPRWYFYYL,1
CASSRRWGSSYEQYF,SPRWYFYYL,1
CASSPTDNF,SPRWYFYYL,1
CSAPKSWTGDETQYF,SPRWYFYYL,0
CASGGTGATYSNQPQHF,SPRWYFYYL,0
CASSQDGLAGAHTDTQYF,SPRWYFYYL,0
CASSSYGQGGYNEQFF,SPRWYFYYL,0
CASSGLNEQFF,SPRWYFYYL,0
CSVQDSVAFF,SPRWYFYYL,0
CASSYGHNTGELFF,SPRWYFYYL,0
CASSRGQAYGYTF,SPRWYFYYL,0
CASTDSGDTQYF,SPRWYFYYL,0
CASSQVGAGHNSPLHF,SPRWYFYYL,0
CASTGGNEQFF,SPRWYFYYL,0
CASSLVRGISTDTQYF,SPRWYFYYL,0
CSVARLAGASPYNEQFF,SPRWYFYYL,0
CATRGEGPYNEQFF,SPRWYFYYL,0
CASSIFYRAEAFF,SPRWYFYYL,0
CASSYSGDEKLFF,SPRWYFYYL,0
CASSQGGESAYEQYF,SPRWYFYYL,0
CASSLAGQVNEQYF,SPRWYFYYL,0
CASSLGGDSPLHF,SPRWYFYYL,0
CSVELGENIQYF,SPRWYFYYL,0
CASSPGTSGSTQYF,SPRWYFYYL,0
CASSLLVADNYGYTF,SPRWYFYYL,0
CAISDSETNTGELFF,SPRWYFYYL,0
CSVGNSGYQETQYF,SPRWYFYYL,0
CASSQDRGLVDTEAFF,SPRWYFYYL,0
CACLTGATNEKLFF,SPRWYFYYL,0
CASSPVTGGDNSPLHF,SPRWYFYYL,0
CASSLAWDLNSPLHF,SPRWYFYYL,0
CASSPTGINYGYTF,SPRWYFYYL,0
CASSSSGSTEAFF,SPRWYFYYL,0
CASSLLGTQGGGDEQFF,SPRWYFYYL,0
CASSPRAAGELFF,SPRWYFYYL,0
CASSLVAGTGGVEYEQYF,SPRWYFYYL,0
CASRAVSTDTQYF,SPRWYFYYL,0
CASSETGSSSYEQYF,SPRWYFYYL,0
CASGLAVNTEAFF,SPRWYFYYL,0
CATSDYLADQQYF,SPRWYFYYL,0
CASIPGQGNGYTF,SPRWYFYYL,0
CASSQVGTGYNEQFF,SPRWYFYYL,0
CASSLTGSGTEAFF,SPRWYFYYL,0
CASSLATGGYSPLHF,SPRWYFYYL,0
CSATGLRTSYEQYF,SPRWYFYYL,0
CASSPGYSNQPQHF,SPRWYFYYL,0
CASSPNPAYEQYF,SPRWYFYYL,0
CASRWTGQLDEQFF,SPRWYFYYL,0
CASSLGLAGGNSYNEQFF,SPRWYFYYL,0
CASNRDSLAYNEQFF,SPRWYFYYL,0
CASSVDSNSYNEQFF,SPRWYFYYL,0
CASSPTDHNEQFF,SPRWYFYYL,0
CASSLPNRDPHNEQFF,SPRWYFYYL,0
CASNEQFSHSPLHF,SPRWYFYYL,0
CASSPRGREETQYF,SPRWYFYYL,0
CASTGTSGALYNEQFF,SPRWYFYYL,0
CAGLGGRDRETQCF,SPRWYFYYL,0
CASSFSNDYEQYF,SPRWYFYYL,0
CASSPTTAYEQYF,SPRWYFYYL,0
CASSQWGSGVYEQYF,SPRWYFYYL,0
CASNYPRGGEGSPLHF,SPRWYFYYL,0
CASSSGTGDYEQYF,SPRWYFYYL,0
CATSDLRGDYNEQFF,SPRWYFYYL,0
CASSGLVDNGYTF,SPRWYFYYL,0
CASSTASTDTQYF,SPRWYFYYL,0
CASSETGLFGGEAFF,SPRWYFYYL,0
CASSLNGVNINEQFF,SPRWYFYYL,0
CASSGQGYGYTF,SPRWYFYYL,0
CASSPVTGELFF,SPRWYFYYL,0
CSARDSPGNGYTF,SPRWYFYYL,0
CASRTSGSYEQFF,SPRWYFYYL,0
CASSIRSSEPQHF,SPRWYFYYL,0
CTNPGDPCYNEQFF,SPRWYFYYL,0
CASSFGHYNEQFF,SPRWYFYYL,0
CSAIDSLSNEKLFF,SPRWYFYYL,0
CAISEWAGRHTEAFF,SPRWYFYYL,0
CASSSLRGSNQPQHF,SPRWYFYYL,0
CASSYSSTEAFF,SPRWYFYYL,0
CASSFAGAWSYTF,SPRWYFYYL,0
CASSLFSAGGREQYF,SPRWYFYYL,0
CASSHRSTGELFF,SPRWYFYYL,0
CASSQGLLGSETQYF,SPRWYFYYL,0
CASSAGRNEKLFF,SPRWYFYYL,0
CATSDLEGEQFF,SPRWYFYYL,0
CASSGVQLLPGELFF,SPRWYFYYL,0
CASSIPPSGEQFF,SPRWYFYYL,0
CASSIPVGDHTGELFF,SPRWYFYYL,0
CAISELTKADTIYF,SPRWYFYYL,0
CASSLMWTPPGGELFF,SPRWYFYYL,0
CSARGAGIGNTIYF,SPRWYFYYL,0
CASSFLPRAYNEQFF,SPRWYFYYL,0
CASSIDHRAGLEDF,SPRWYFYYL,0
CATSLSGGGSDTQYF,SPRWYFYYL,0
CASSLGPSGLSSYNEQFF,SPRWYFYYL,0
CASSQRLAGDNEQFF,SPRWYFYYL,0
CASSMVGGPGNEQFF,SPRWYFYYL,0
CASSNPGEGETQYF,SPRWYFYYL,0
CAWRPAGGNTIYF,SPRWYFYYL,0
CASSLAFESGQTTAKNIQYF,SPRWYFYYL,0
CASSQGTGPSNEQYF,SPRWYFYYL,0
CASSYGLNQPQHF,SPRWYFYYL,0
CASGTGELFF,SPRWYFYYL,0
CASSLGTANGYTF,SPRWYFYYL,0
CASRKGGSSYNEQFF,SPRWYFYYL,0
CSASETGVGQPQHF,SPRWYFYYL,0
CASSQDYSSYEQYF,SPRWYFYYL,0
CTSRLDPGFLEQYF,SPRWYFYYL,0
CSVEPGLGGTQYF,SPRWYFYYL,0
CSAPLAGGPDEQFF,SPRWYFYYL,0
CSARGFGNHEQFF,SPRWYFYYL,0
CASSLSGSEGNEQFF,SPRWYFYYL,0
CASSLVKLGIALIETQYF,SPRWYFYYL,0
CASCAGMGNEQYF,SPRWYFYYL,0
CSASSPDTDSYEQYF,SPRWYFYYL,0
CASSESLEGVNEKLFF,SPRWYFYYL,0
CASSLTRAGELFF,SPRWYFYYL,0
CASRDKSTNEKLFF,SPRWYFYYL,0
CASSIRSNGEQFF,SPRWYFYYL,0
CASSFVRASTEAFF,SPRWYFYYL,0
CASSALPAGGITGELFF,SPRWYFYYL,0
CSVVAGGADTQYF,SPRWYFYYL,0
CATSEALYEQYF,SPRWYFYYL,0
CASSLAVKAGGPKDEQFF,SPRWYFYYL,0
CASGTGSNQPQHF,SPRWYFYYL,0
CASSILAVDEQFF,SPRWYFYYL,0
CASSYSGYGGYTF,SPRWYFYYL,0
CASRKGVTTEAFF,SPRWYFYYL,0
CASSTTRNQETQYF,SPRWYFYYL,0
CSAPARSEPYEQYF,SPRWYFYYL,0
CAAGDANTGELFF,SPRWYFYYL,0
CASSVTGGFTDTQYF,SPRWYFYYL,0
CASSPSDWNGYTF,SPRWYFYYL,0
CASSRNRDSPTDTQYF,SPRWYFYYL,0
CASSSLDGRLGYTF,SPRWYFYYL,0
CASSPLKATQNTEAFF,SPRWYFYYL,0
CSASGGAYEQYF,SPRWYFYYL,0
CASSREAGGYEQYF,SPRWYFYYL,0
CASSPDIDKQYF,SPRWYFYYL,0
CASSQDGGVRQYF,SPRWYFYYL,0
CASSQERLTTNEKLFF,SPRWYFYYL,0
CASSEEGTPSNQPQHF,SPRWYFYYL,0
CASSPPHRGTEAFF,SPRWYFYYL,0
CASSFRDRGLNEQFF,SPRWYFYYL,0
CAIQESNTGELFF,SPRWYFYYL,0
CASSFNGQTNTEAFF,SPRWYFYYL,0
CASSVTAGGPFLLYNSPLHF,SPRWYFYYL,0
CASSAAEGGGYQETQYF,SPRWYFYYL,0
CASSARASEGAFF,SPRWYFYYL,0
CAATNRLGNTIYF,SPRWYFYYL,0
CASSYRGDRPEAFF,SPRWYFYYL,0
CASYLTGFIDEQYF,SPRWYFYYL,0
CATSDEDTGYGYTF,SPRWYFYYL,0
CASSLAWGQLSGYTF,SPRWYFYYL,0
CASSTGGVGYEQYF,SPRWYFYYL,0
CASSWTIAQPQHF,SPRWYFYYL,0
CAWINPGQGPYEQYF,SPRWYFYYL,0
CASTYGSYGYTF,SPRWYFYYL,0
CSVRPGGSYNEQFF,SPRWYFYYL,0
CASSEMGNEQYF,SPRWYFYYL,0
CSAGGLAGRDTQYF,SPRWYFYYL,0
CASSIYSTDTQYF,SPRWYFYYL,0
CASSLAPTGGPYNEQFF,SPRWYFYYL,0
CSAPTSGAPETQYF,SPRWYFYYL,0
CASFGKSNYGYTF,SPRWYFYYL,0
CASSLGTGHNEQFF,SPRWYFYYL,0
CASSVDQLGYNEQFF,SPRWYFYYL,0
CATSDPDREYKDNEQFF,SPRWYFYYL,0
CASSLVWGSGGTDTQYF,SPRWYFYYL,0
CASSLELAGLDNEQFF,SPRWYFYYL,0
CASSLAWGLNTEAFF,SPRWYFYYL,0
CASSLARWQFF,SPRWYFYYL,0
CASSGGPPAREQYF,SPRWYFYYL,0
CASSLIFPGDLPHQETQYF,SPRWYFYYL,0
CASSPSGQYYGYTF,SPRWYFYYL,0
CASSLGARNLAKNIQYF,SPRWYFYYL,0
CASSPGGTEAFF,SPRWYFYYL,0
CASRPTGSDTQYF,SPRWYFYYL,0
CSARAGLNNEQFF,SPRWYFYYL,0
CASSKRSTDTQYF,SPRWYFYYL,0
CASSQTQLWEIQYF,SPRWYFYYL,0
CASIEWQGSNQPQHF,SPRWYFYYL,0
CASSEDPRELSYEQYF,SPRWYFYYL,0
CASSPSRSGADTQYF,SPRWYFYYL,0
CASSLRDGSYEQYF,SPRWYFYYL,0
CASSTEVAADGELFF,SPRWYFYYL,0
CASSLLSGRVNEQFF,SPRWYFYYL,0
CASSLIPRFHQPQHF,SPRWYFYYL,0
CSARGTSGMGYEQYF,SPRWYFYYL,0
CASSEGRSYEQYF,SPRWYFYYL,0
CASSSGTYYNEQFF,SPRWYFYYL,0
CASSGTGELFF,SPRWYFYYL,0
CASSLDTFGTSGRGEQFF,SPRWYFYYL,0
CSVRGGGISYNEQFF,SPRWYFYYL,0
CASSLTGGGNIQYF,SPRWYFYYL,0
CASSVLVSDMNTEAFF,SPRWYFYYL,0
CASSVSPNEQFF,SPRWYFYYL,0
CSARDQWGTDTQYF,SPRWYFYYL,0
CASSLLDSPGGYGYTF,SPRWYFYYL,0
CASIANRRDSSYEQYF,SPRWYFYYL,0
CASSHGGDWDQPQHF,SPRWYFYYL,0
CASSLAQRSEQYF,SPRWYFYYL,0
CASSAMTGWGGYTF,SPRWYFYYL,0
CASSILAGSGNTIYF,SPRWYFYYL,0
CASSQGFGANVLTF,SPRWYFYYL,0
CASSFGDHEAFF,SPRWYFYYL,0
CASSPQGGSTPYEQYF,SPRWYFYYL,0
CASSRQGENNEQFF,SPRWYFYYL,0
CASSPPSGPVRNEQFF,SPRWYFYYL,0
CSVDTDGLSGANVLTF,SPRWYFYYL,0
CAIRTRTGESYTF,SPRWYFYYL,0
CASRTSTGQGNIQYF,SPRWYFYYL,0
CASSLGLAGGPGETQYF,SPRWYFYYL,0
CASSTYDGNTEAFF,SPRWYFYYL,0
CATQSGLFYEQYF,SPRWYFYYL,0
CASREETGIRFYEQYF,SPRWYFYYL,0
CSARDPRTGSSYEQYF,SPRWYFYYL,0
CASSRGTGVDAFF,SPRWYFYYL,0
CASAPSGETQYF,SPRWYFYYL,0
CASSLTGGRDIQYF,SPRWYFYYL,0
CASSEATGELYEQYF,SPRWYFYYL,0
CASAPDSYEQYF,SPRWYFYYL,0
CASTVGAVQPQHF,SPRWYFYYL,0
CSARELLREQFF,SPRWYFYYL,0
CASSLGQGRKLFF,SPRWYFYYL,0
CASSQDGTSGADTQYF,SPRWYFYYL,0
CASSLFGTGGDQPQHF,SPRWYFYYL,0
CSVRGPKGATNYGYTF,SPRWYFYYL,0
CASSGIKETQYF,SPRWYFYYL,0
CATSGRTGELFF,SPRWYFYYL,0
CASGTGGNYNEQFF,SPRWYFYYL,0
CARKKTRRISQAFF,SPRWYFYYL,0
CASSLRAGFYGYTF,SPRWYFYYL,0
CSARDGLTGHYEQYF,SPRWYFYYL,0
CASSWETNTEAFF,SPRWYFYYL,0
CASSVALGLNYEQYF,SPRWYFYYL,0
CASSHPPGGYKNIQYF,SPRWYFYYL,0
CASSGLGLAVFNEQFF,SPRWYFYYL,0
CASSVGLAGSGYEQYF,SPRWYFYYL,0
CASSDIRGLGSNQPQHF,SPRWYFYYL,0
CASSQVLVGRDSYNEQFF,SPRWYFYYL,0
CASSLIANQETQYF,SPRWYFYYL,0
CASSLVVPYEQYF,SPRWYFYYL,0
CASSLSISAYNEQFF,SPRWYFYYL,0
CASSSRTGGEQYF,SPRWYFYYL,0
CASSGEDRVVYGYTF,SPRWYFYYL,0
CATRSTDTQYF,SPRWYFYYL,0
CASSPRGSAEAFF,SPRWYFYYL,0
CASSQLLAGGFSQTDTQYF,SPRWYFYYL,0
CATSDSWGGDTQYF,SPRWYFYYL,0
CASSLRPTGGSYEQYF,SPRWYFYYL,0
CASSLIDAGELFF,SPRWYFYYL,0
CASSLNHEQFF,SPRWYFYYL,0
CASSLRWNPGNTIYF,SPRWYFYYL,0
CASRIGNTEAFF,SPRWYFYYL,0
CASSRLAGIGYEQYF,SPRWYFYYL,0
CSANPDWGLQLWLHLRF,SPRWYFYYL,0
CASSLTAGAGYNEQFF,SPRWYFYYL,0
CASTEEGSPLHF,SPRWYFYYL,0
CASSNSGRYNEQFF,SPRWYFYYL,0
CASSQDLGTDTQYF,SPRWYFYYL,0
CASSMGSGDYEQYF,SPRWYFYYL,0
CASSRDGTGELFF,SPRWYFYYL,0
CASSVEGGSGELFF,SPRWYFYYL,0
CASSQGPAGLTDTQYF,SPRWYFYYL,0
CASSLAGDHQPQHF,SPRWYFYYL,0
CASSPEFEVWADTQYF,SPRWYFYYL,0
CASSEVGQGFNGYTF,SPRWYFYYL,0
CASSITEGEDSVSTDTQYF,SPRWYFYYL,0
CASMGNFQETQYF,SPRWYFYYL,0
CASSLLPDPTFFDEQFF,SPRWYFYYL,0
CASSSGTGGGDTQYF,SPRWYFYYL,0
CASSRWDGMNTEAFF,SPRWYFYYL,0
CASSLSGVLHNEQFF,SPRWYFYYL,0
CAPTPEGGGQGQPQHF,SPRWYFYYL,0
CATRSSDGGNQPQHF,SPRWYFYYL,0
CASGLVLKGQEIYGYTF,SPRWYFYYL,0
CASSLDTLAGGQFF,SPRWYFYYL,0
CASSPTGGAETQYF,SPRWYFYYL,0
CASSFLGGQYNEQFF,SPRWYFYYL,0
CASSTEKGAEAFF,SPRWYFYYL,0
CASSYSVGVNTEAFF,SPRWYFYYL,0
CAVNSGGSNYKLTF,SPRWYFYYL,0
CAWSATSSNQPQHF,SPRWYFYYL,0
CASSPLRGSNQPQYF,SPRWYFYYL,0
CASSARTGVGYGYTF,SPRWYFYYL,0
CASSYFGTLYF,SPRWYFYYL,0
CASSWRSNQPQHF,SPRWYFYYL,0
CASSPVTGAPHEQYF,SPRWYFYYL,0
CASSWPEETQYF,SPRWYFYYL,0
CASSLIRGAAFF,SPRWYFYYL,0
CALIDQTGANNLFF,SPRWYFYYL,0
CAVGAGTALIF,SPRWYFYYL,0
CAFPNSGGSNYKLTF,SPRWYFYYL,0
CSSESGTSEAFF,SPRWYFYYL,0
CSARGFAGGTDLEQFF,SPRWYFYYL,0
CASSYGLNQPQHF,SPRWYFYYL,0
CASSPTQGGTKEKLFF,SPRWYFYYL,0
CASSVYPPGQGRNEQFF,SPRWYFYYL,0
CASSAQDRGKETQYF,SPRWYFYYL,0
CAVEHHRGSTLGRLYF,SPRWYFYYL,0
CASGQGTDTQYF,SPRWYFYYL,0
CASSPNRNSNQPQYF,SPRWYFYYL,0
CAVWDNFNKFYF,SPRWYFYYL,0
CSVAGTGGHTVYF,SPRWYFYYL,0
CASSDSTRDLDEQFF,SPRWYFYYL,0
CASSQEGQGGTEAFF,SPRWYFYYL,0
CAVGALTWDSNYQLIW,SPRWYFYYL,0
CASSLHSANSDYTF,SPRWYFYYL,0
CASSLSRMSNQPQYF,SPRWYFYYL,0
CAGGPGGGADGLTF,SPRWYFYYL,0
CASSEGLNTAQLFF,SPRWYFYYL,0
CASSESAGARETQYF,SPRWYFYYL,0
CASSLSSQNNEKLFF,SPRWYFYYL,0
CSAIAGGYEQYF,SPRWYFYYL,0
CASSLYGGGEQPQHF,SPRWYFYYL,0
CASSIDRVSNQPQYF,SPRWYFYYL,0
CAVSVRAGTASKLTF,SPRWYFYYL,0
CSAMIGVGGTDTQYF,SPRWYFYYL,0
CALESGGSYIPTF,SPRWYFYYL,0
CASSLSGTWGEGYTF,SPRWYFYYL,0
CAILQGTANEQFF,SPRWYFYYL,0
CASSIRSSYEQYF,SPRWYFYYL,0
CAVRAPSGGSYIPTF,SPRWYFYYL,0
CVVSENTGFQKLVF,SPRWYFYYL,0
CAGGGADGLTF,SPRWYFYYL,0
CASSLAVQPGNTVYF,SPRWYFYYL,0
CATDDGGSQGNLIF,SPRWYFYYL,0
CAVNGLPLFCEYGNKLVF,SPRWYFYYL,0
CASSQDGGQETQYF,SPRWYFYYL,0
CASSLVGWANQPPGELFF,SPRWYFYYL,0
CASSLRPADTQYF,SPRWYFYYL,0
CAIGPGNMLTF,SPRWYFYYL,0
CSVAGTGNTEAFF,SPRWYFYYL,0
CASSFFRNYGYTF,SPRWYFYYL,0
CAGSSNTGKLIF,SPRWYFYYL,0
CASSTDYEQYF,SPRWYFYYL,0
CSVDREISGNTIYF,SPRWYFYYL,0
CAVGPAQSSGYSTLTF,SPRWYFYYL,0
CAFMKPWGFGNEKLTF,SPRWYFYYL,0
CSARNYLKTNEQFF,SPRWYFYYL,0
CAVSFGNEKLTF,SPRWYFYYL,0
CADNAGNNRKLIW,SPRWYFYYL,0
CASSHPQGVTSRSGNTIYF,SPRWYFYYL,0
CASSLGPLTGLGPEAFF,SPRWYFYYL,0
CAAPLGGFQKLVF,SPRWYFYYL,0
CAVRGAGAKLTF,SPRWYFYYL,0
CASTPWREYPLEQYF,SPRWYFYYL,0
CASEGGGSTEAFF,SPRWYFYYL,0
CATELSPGTVGNTIYF,SPRWYFYYL,0
CASILERGSSYNEQFF,SPRWYFYYL,0
CASSPGPSYGYTF,SPRWYFYYL,0
CASSQGDWIRDGTYSNQPQHF,SPRWYFYYL,0
CASSFLPGQGSYYSNQPQHF,SPRWYFYYL,0
CASSFPDSAETLYF,SPRWYFYYL,0
CASSYNRAYEQYF,SPRWYFYYL,0
CAVTRDDKIIF,SPRWYFYYL,0
CASTPLGAGPVNEQFF,SPRWYFYYL,0
CALSEGVGKLIF,SPRWYFYYL,0
CSARMVGGHNYGYTF,SPRWYFYYL,0
CASSLYIQGGEQYF,SPRWYFYYL,0
CASSHLDSPISNQPQHF,SPRWYFYYL,0
CASSTRSGTEQYF,SPRWYFYYL,0
CASTTAVYGYTF,SPRWYFYYL,0
CAVDLMKTSYDKVIF,SPRWYFYYL,0
CATDAEMSGTYKYIF,SPRWYFYYL,0
CAVSSNYAQGLTF,SPRWYFYYL,0
CASSPNREKTQYF,SPRWYFYYL,0
CSARDLEVLSYEQYF,SPRWYFYYL,0
CASQGLNTGELFF,SPRWYFYYL,0
CAVRSSGNTPLVF,SPRWYFYYL,0
CASSLGQAYEQYF,SPRWYFYYL,0
CASSARLADTQYF,SPRWYFYYL,0
CASSRRTAGLNTEAFF,SPRWYFYYL,0
CASSFLAGGNYEQYF,SPRWYFYYL,0
CAVLDSNYQLIW,SPRWYFYYL,0
CASTMTMGWTEAFF,SPRWYFYYL,0
CASSIGPDNEQFF,SPRWYFYYL,0
CIVRVWGQAGTALIF,SPRWYFYYL,0
CASSQDYYGYTF,SPRWYFYYL,0
CASSYTSGAEQYF,SPRWYFYYL,0
CAVKADSGGSNYKLTF,SPRWYFYYL,0
CSAETGNTEAFF,SPRWYFYYL,0
CASSLGVSRGNQPQHF,SPRWYFYYL,0
CASSQEVRGNTEAFF,SPRWYFYYL,0
CAVVRGSTLGRLYF,SPRWYFYYL,0
CASSVVGGGAADTQYF,SPRWYFYYL,0
CASSEFMGMNTEAFF,SPRWYFYYL,0
CALSGGERSNDYKLSF,SPRWYFYYL,0
CASSGGDRPTTDTQYF,SPRWYFYYL,0
CASSSRSGSEQFF,SPRWYFYYL,0
CAVSRSRGGFGNVLHC,SPRWYFYYL,0
CAVQDRGGSGNTGKLIF,SPRWYFYYL,0
CASSMGLYNEQFF,SPRWYFYYL,0
CASSATANSNQPQYF,SPRWYFYYL,0
CASTILGRGDPQYF,SPRWYFYYL,0
CAVPNSGNTPLVF,SPRWYFYYL,0
CASSPPGLVGGELFF,SPRWYFYYL,0
CASSWAGPHTEAFF,SPRWYFYYL,0
CSARDLGLAGDTDTQYF,SPRWYFYYL,0
CALNSGGSNYKLTF,SPRWYFYYL,0
CAMRRPSGGYNKLIF,SPRWYFYYL,0
CASSETGGHSDYTF,SPRWYFYYL,0
CALRRYGGSQGNLIF,SPRWYFYYL,0
CASSEDRGPYNEQFF,SPRWYFYYL,0
CAVGDNFNKFYF,SPRWYFYYL,0
CVVNENAGNMLTF,SPRWYFYYL,0
CASSPGQGPYTGELFF,SPRWYFYYL,0
CASSYSDSNYEQYF,SPRWYFYYL,0
CASSLLQGRQPQHF,SPRWYFYYL,0
CAIITGGGNKLTF,SPRWYFYYL,0
CASSVGWGSETQYF,SPRWYFYYL,0
CALSAPYSGGGADGLTF,SPRWYFYYL,0
CVVSAYHNNDMRF,SPRWYFYYL,0
CASSFNRNSNQPQYF,SPRWYFYYL,0
CASSLTRAGNTIYF,SPRWYFYYL,0
CASSFRQLISGNTIYF,SPRWYFYYL,0
CVVKGLTPFRDGQKLLF,SPRWYFYYL,0
CAVAPLTIINAGNMLTF,SPRWYFYYL,0
CASSTGGRGNQPQHF,SPRWYFYYL,0
CASRVAAKANRETQYF,SPRWYFYYL,0
CLVRGTGFQKLVF,SPRWYFYYL,0
CSVGTGGTNEKLFF,SPRWYFYYL,0
CAWSVSAGRHTEAFF,SPRWYFYYL,0
CASSFRTGGETQYF,SPRWYFYYL,0
CASSPPASGELFF,SPRWYFYYL,0
CASSEGTGSNQPQYF,SPRWYFYYL,0
CAFMKTNRDDKIIF,SPRWYFYYL,0
CADLPLTDSWGKFQF,SPRWYFYYL,0
CASRSGDSNQPQHF,SPRWYFYYL,0
CASSFVGSAYEQYF,SPRWYFYYL,0
CASSYSPPIPGQGIDEQYF,SPRWYFYYL,0
CSVGFGEGYEQYF,SPRWYFYYL,0
CASSIDGPGGISDTQYF,SPRWYFYYL,0
CVVTFSGGYNKLIF,SPRWYFYYL,0
CAASPGTYKYIF,SPRWYFYYL,0
CAASGGGSQGNLIF,SPRWYFYYL,0
CAAKEGYSTLTF,SPRWYFYYL,0
CSARDIEIAYEQYF,SPRWYFYYL,0
CASSLLWAEYNEQFF,SPRWYFYYL,0
CVVNAGGFKTIF,SPRWYFYYL,0
CASSIKTSGDPDTQYF,SPRWYFYYL,0
CAITDGASGANEQFF,SPRWYFYYL,0
CASSLGLAGYTDTQYF,SPRWYFYYL,0
CASSSLNTEAFF,SPRWYFYYL,0
CAVRGDNARLMF,SPRWYFYYL,0
CALSEGGGILWGWELPTHF,SPRWYFYYL,0
CASRDVSGTPGSGEQFF,SPRWYFYYL,0
CAADNYGGSQGNLIF,SPRWYFYYL,0
CAVRDSSYSGAGSYQLTF,SPRWYFYYL,0
CASSQGYEQYF,SPRWYFYYL,0
CAGPISARLMF,SPRWYFYYL,0
CASSLQGAPTYNEQFF,SPRWYFYYL,0
CASSERSTDTQYF,SPRWYFYYL,0
CASSRDSAETLYF,SPRWYFYYL,0
CAARAGGTSYGKLTF,SPRWYFYYL,0
CASSIRRGGNQPQYF,SPRWYFYYL,0
CASSPLPGQSYEQYF,SPRWYFYYL,0
CASSAGTGKTQYF,SPRWYFYYL,0
CVVTGGYNKLIF,SPRWYFYYL,0
CASSLRGGWVRGYTF,SPRWYFYYL,0
CSVDRGSPSYEQYF,SPRWYFYYL,0
CASSRSDGDTGELFF,SPRWYFYYL,0
CVVNIQDSGGYQKVTF,SPRWYFYYL,0
CASVRRTGGGNKLTF,SPRWYFYYL,0
CATEGGSGYSTLTF,SPRWYFYYL,0
CASSWGGLRTEAFF,SPRWYFYYL,0
CALSETGFQKLVF,SPRWYFYYL,0
CAFIGDAGGTSYGKLTF,SPRWYFYYL,0
CAVRDKDYQLIW,SPRWYFYYL,0
CALRNIIQGAQKLVF,SPRWYFYYL,0
CASSATSGSTDTQYF,SPRWYFYYL,0
CASSTGTGSAGYTF,SPRWYFYYL,0
CSVAPVVSYEQYF,SPRWYFYYL,0
CASSLGQGVQPQHF,SPRWYFYYL,0
CASSLDRGEQYF,SPRWYFYYL,0
CAGARLRGTYKYIF,SPRWYFYYL,0
CASSFPGAEAFF,SPRWYFYYL,0
CSAGGNTEAFF,SPRWYFYYL,0
CASSVDVFTNNEQFF,SPRWYFYYL,0
CASSSTSAETLYF,SPRWYFYYL,0
CATDASGGSNYKLTF,SPRWYFYYL,0
CASSAGSGNEQYF,SPRWYFYYL,0
CASSPFGTGSGYRTEAFF,SPRWYFYYL,0
CLVGSSMNTGFQKLVF,SPRWYFYYL,0
CASSSKGLVESTTEQFF,SPRWYFYYL,0
CAWKQGFLAEAFF,SPRWYFYYL,0
CASPREFNTEAFF,SPRWYFYYL,0
CASSIVHVSYNEQFF,SPRWYFYYL,0
CASSPGLATYEQYF,SPRWYFYYL,0
CSACAGLNTEAFF,SPRWYFYYL,0
CAWSVGGGGYTF,SPRWYFYYL,0
CASRRDNNYGYTF,SPRWYFYYL,0
CASSSPSGGAPYNEQFF,SPRWYFYYL,0
CAVSLNYAQGLTF,SPRWYFYYL,0
CANQEGTGGSEQYF,SPRWYFYYL,0
CASSDRRVGTNVLTF,SPRWYFYYL,0
CASSPTDRANGYTF,SPRWYFYYL,0
CILRDEVNNNDMRF,SPRWYFYYL,0
CASSLFRGSNQPQYF,SPRWYFYYL,0
CAGSNDYKLSF,SPRWYFYYL,0
CASSMRSSYEQYF,SPRWYFYYL,0
CAVMDSNYQLIW,SPRWYFYYL,0
CAVGDRGANSKLTF,SPRWYFYYL,0
CASSLGQYNSPLHF,SPRWYFYYL,0
CASSQTGGLNQPQHF,SPRWYFYYL,0
CAVYGSNYQLIW,SPRWYFYYL,0
CAGGRGNTGELFF,SPRWYFYYL,0
CTCSAGRGGYNYGEQFF,SPRWYFYYL,0
CASSQGRRGGSYEQYF,SPRWYFYYL,0
CASSADGSFYEQYF,SPRWYFYYL,0
CASSLGQGAGGQPQHF,SPRWYFYYL,0
CASSSGTGGTQYF,SPRWYFYYL,0
CAVEDDNYGQNFVF,SPRWYFYYL,0
CASSPFTGVGQPQHF,SPRWYFYYL,0
CASAGGNQPQHF,SPRWYFYYL,0
CASSTYSNQPQHF,SPRWYFYYL,0
CALSEHYSGGGADGLTF,SPRWYFYYL,0
CALSGTGANNLFF,SPRWYFYYL,0
CSARPGQGTVALHF,SPRWYFYYL,0
CALSAILYNFNKFYF,SPRWYFYYL,0
CAGAAGSSNTGKLIF,SPRWYFYYL,0
CASSKRTSGTYEQYF,SPRWYFYYL,0
CASSPYTGTGPEQYF,SPRWYFYYL,0
CALSDLDTGANAGGTSYGKLTF,SPRWYFYYL,0
CAFPYNNNDMRF,SPRWYFYYL,0
CASSPVAGLTLYLEAFF,SPRWYFYYL,0
CASSETLNSNQPQYF,SPRWYFYYL,0
CADTDYGGSQGNLIF,SPRWYFYYL,0
CILRDSNDYKLSF,SPRWYFYYL,0
CSVEGQQTYEQYF,SPRWYFYYL,0
CASSFATEAFF,SPRWYFYYL,0
CASSARLAGSYNEQFF,SPRWYFYYL,0
CAPGETGANNLFF,SPRWYFYYL,0
CASGGRDSAETLYF,SPRWYFYYL,0
CASIERGLAGGSTGELFF,SPRWYFYYL,0
CASGVVNEAFF,SPRWYFYYL,0
CASAGGANTEVFF,SPRWYFYYL,0
CASSIRSGTEAFF,SPRWYFYYL,0
CAGHRDSGAGSYQLTF,SPRWYFYYL,0
CAASETSYDKVIF,SPRWYFYYL,0
CASSDLNSGEQYF,SPRWYFYYL,0
CVVTRGSGTALIF,SPRWYFYYL,0
CASSPRLVAGSAYNEQFF,SPRWYFYYL,0
CAATSNTGKLIF,SPRWYFYYL,0
CAVRPGYILTGGGNKLTF,SPRWYFYYL,0
CAVRDSHGSGNTGKLIF,SPRWYFYYL,0
CALAPSNTNKVVF,SPRWYFYYL,0
CASSQLAGGQGEQYF,SPRWYFYYL,0
CASSSLGTGGYGYTF,SPRWYFYYL,0
CAVITNAGKSTF,SPRWYFYYL,0
CAFSMEYGNKLVF,SPRWYFYYL,0
CASSAAERAADPQYF,SPRWYFYYL,0
CAISGGWGEPSTDTQYF,SPRWYFYYL,0
CVAYNTDKLIF,SPRWYFYYL,0
CASSYSRAGANEQFF,SPRWYFYYL,0
CASRLSGGGYNEQFF,SPRWYFYYL,0
CASTLPGPEAFF,SPRWYFYYL,0
CAGGGDGGSQGNLIF,SPRWYFYYL,0
CAVRDDGGATNKLIF,SPRWYFYYL,0
CASSVGTTPGELFF,SPRWYFYYL,0
CASGRLSYNEQFF,SPRWYFYYL,0
CAASASGTYKYIF,SPRWYFYYL,0
CASSDWGGRAEQFF,SPRWYFYYL,0
CAVSNNYAQGLTF,SPRWYFYYL,0
CAESMDNDMRF,SPRWYFYYL,0
CSVGGTGTYGYTF,SPRWYFYYL,0
CASSEARQGYNEQFF,SPRWYFYYL,0
CAPTPEGGGQGQPQHF,SPRWYFYYL,0
CASSIRSTKTQYF,SPRWYFYYL,0
CASSLGRESGEQFF,SPRWYFYYL,0
CASSYSTGTHLEQYF,SPRWYFYYL,0
CASSQDRYSNQPQHF,SPRWYFYYL,0
CASSVGAGGDGELFF,SPRWYFYYL,0
CIVRVPFLYNQGGKLIF,SPRWYFYYL,0
CASSQAGGDPYEQYF,SPRWYFYYL,0
CAVIQINDYKLSF,SPRWYFYYL,0
CASSFSGDYEQYF,SPRWYFYYL,0
CGASWGNTGQLYF,SPRWYFYYL,0
CASSLDGQGPLYGYTF,SPRWYFYYL,0
CASSTRSAYEQYF,SPRWYFYYL,0
CAASGFQKLVF,SPRWYFYYL,0
CASSAVAGAPLEQYF,SPRWYFYYL,0
CASRADREREQFF,SPRWYFYYL,0
CAAPPGFGNEKLTF,SPRWYFYYL,0
CASSFLPPQGDTDTQYF,SPRWYFYYL,0
CASSQDPQGRQPQHF,SPRWYFYYL,0
CAAMETSYDKVIF,SPRWYFYYL,0
CASSEEPGYGYTF,SPRWYFYYL,0
CASSIFGELFF,SPRWYFYYL,0
CAASSGGYQKVTF,SPRWYFYYL,0
CASSLDGAFTEAFF,SPRWYFYYL,0
CASSVDSGAGTEAFF,SPRWYFYYL,0
CAYMTNAGGTSYGKLTF,SPRWYFYYL,0
CALGEGGAQKLVF,SPRWYFYYL,0
CATSSVGAQTQYF,SPRWYFYYL,0
CASSVASGTDTQYF,SPRWYFYYL,0
CASSLLAGQETQYF,SPRWYFYYL,0
CAVGGGDYKLSF,SPRWYFYYL,0
CASRISRVSNQPQYF,SPRWYFYYL,0
CASSIGQGPCCFF,SPRWYFYYL,0
CASSLAQASDGYTF,SPRWYFYYL,0
CVVRSGGYNKLIF,SPRWYFYYL,0
CASSQDWGRAGDTAQLFF,SPRWYFYYL,0
CASSSGGDERYTGELFF,SPRWYFYYL,0
CASSQGDTEAFF,SPRWYFYYL,0
CASSPQGLGQPQHF,SPRWYFYYL,0
CAENMGGGATNKLIF,SPRWYFYYL,0
CLVGLYGGATNKLIF,SPRWYFYYL,0
CAVNGGGADGLTF,SPRWYFYYL,0
CASSWGGGSHYGYTF,SPRWYFYYL,0
CAMSLYSGGGADGLTF,SPRWYFYYL,0
CAANYGGSQGNLIF,SPRWYFYYL,0
CASSFPLQGQGEAFF,SPRWYFYYL,0
CAEGFYGGSQGNLIF,SPRWYFYYL,0
CASSPDRLSNQPQYF,SPRWYFYYL,0
CASSPERNPGWNTEAFF,SPRWYFYYL,0
CASSWTGRGEQYF,SPRWYFYYL,0
CALRSALNDYKLSF,SPRWYFYYL,0
CASSLLGGWSEAFF,SPRWYFYYL,0
CASGLAGVGELFF,SPRWYFYYL,0
CSVSGTGNEKLFF,SPRWYFYYL,0
CVVTYNDMRF,SPRWYFYYL,0
CAWDYLTLNTGELFF,SPRWYFYYL,0
CAVQAHNQGGKLIF,SPRWYFYYL,0
CAASAVLFEGNTPLVF,SPRWYFYYL,0
CAGEGFQGAQKLVF,SPRWYFYYL,0
CAVAKDLQNSGGGADGLTF,SPRWYFYYL,0
CASSEWDWGGEGTGQLYF,SPRWYFYYL,0
CATSRKQGNTEAFF,SPRWYFYYL,0
CASSFDSKAFF,SPRWYFYYL,0
CASSMGNYGYTF,SPRWYFYYL,0
CAFMKHFWGGKLIF,SPRWYFYYL,0
CASSPTGNSNQPQYF,SPRWYFYYL,0
CASSVDQLGYNEQFF,SPRWYFYYL,0
CAGSNTGNQFYF,SPRWYFYYL,0
CASSLARNQPQHF,SPRWYFYYL,0
CASSDIMGNTEAFF,SPRWYFYYL,0
CASSIGGTDTQYF,SPRWYFYYL,0
CASRDYEQYF,SPRWYFYYL,0
CASSFLDRGPNTEAFF,SPRWYFYYL,0
CASSPRRGSNQPQYF,SPRWYFYYL,0
CASSDADWGTYAEQFF,SPRWYFYYL,0
CASSFGSYGYTF,SPRWYFYYL,0
CASTLGGDWGGQETQYF,SPRWYFYYL,0
CASTPSWGGYTF,SPRWYFYYL,0
CALSELNTGNQFYF,SPRWYFYYL,0
CAGLKAAGNKLTF,SPRWYFYYL,0
CAVKDGGFKTIF,SPRWYFYYL,0
CGTPISGGYNKLIF,SPRWYFYYL,0
CAISGMGQRDNEQFF,SPRWYFYYL,0
CASSGQLGSYEQYF,SPRWYFYYL,0
CSAPGGVNAFF,SPRWYFYYL,0
CTSTRGSTDTQYF,SPRWYFYYL,0
CAEKRWAAGNKLTF,SPRWYFYYL,0
CAMSGDGGSQGNLIF,SPRWYFYYL,0
CAEIIYGNNRLAF,SPRWYFYYL,0
CAMREESGNTPLVF,SPRWYFYYL,0
CASSLRDGSEAFF,SPRWYFYYL,0
CAVLNRDDKIIF,SPRWYFYYL,0
CAVQALSNDYKLSF,SPRWYFYYL,0
CSAREGTARYEQYF,SPRWYFYYL,0
CASNSQNTGELFF,SPRWYFYYL,0
CSVDQGGGRMGESYTF,SPRWYFYYL,0
CASSDPLAGGNEQYF,SPRWYFYYL,0
CAVSSNTNKVVF,SPRWYFYYL,0
CAMRRPNAGGTSYGKLTF,SPRWYFYYL,0
CASRSSAEAFF,SPRWYFYYL,0
CAVIIQGAQKLVF,SPRWYFYYL,0
CASSLTGSTPTDTQYF,SPRWYFYYL,0
CASKDGISYEQYF,SPRWYFYYL,0
CAFMKLLTNFGNEKLTF,SPRWYFYYL,0
CASRLLAGPSYEQYF,SPRWYFYYL,0
CAATRAGSPDTQYF,SPRWYFYYL,0
CAVRERDYKLSF,SPRWYFYYL,0
CSVGTGDWGEQYF,SPRWYFYYL,0
CAVRARGANVAGNMLTF,SPRWYFYYL,0
CASRRDRAYEQYF,SPRWYFYYL,0
CASSLANTEAFF,SPRWYFYYL,0
CAVKGLAYSSASKIIF,SPRWYFYYL,0
CSARDPTGSSEKLFF,SPRWYFYYL,0
CTCSTGTGGFNYGEQFF,SPRWYFYYL,0
CASSAGQGVWQYF,SPRWYFYYL,0
CASSPRDRERGEQYF,SPRWYFYYL,0
CAGHTGNQFYF,SPRWYFYYL,0
CAVPFSGGYNKLIF,SPRWYFYYL,0
CASSDAGGLGEAFF,SPRWYFYYL,0
CVAIGGSQGNLIF,SPRWYFYYL,0
CASSQEGGDGEKLFF,SPRWYFYYL,0
CASSKKIDRVLFWTGELFF,SPRWYFYYL,0
CASSLVPELGEQYF,SPRWYFYYL,0
CAVSDSSYKLIF,SPRWYFYYL,0
CASQGASNEQFF,SPRWYFYYL,0
CASRRRGGVTEAFF,SPRWYFYYL,0
CILREGFRDMRF,SPRWYFYYL,0
CASSQEQWSGETSNYGYTF,SPRWYFYYL,0
CASSLEGTGYYEQYF,SPRWYFYYL,0
CAASEGSNDYKLSF,SPRWYFYYL,0
CASRHSGVNQPQHF,SPRWYFYYL,0
CASSPPGGQETQYF,SPRWYFYYL,0
CASSFSGQGLTNEKLFF,SPRWYFYYL,0
CGARGDGGYAEQFF,SPRWYFYYL,0
CAVSELEYGNKLVF,SPRWYFYYL,0
CASSPGGSSYEQYF,SPRWYFYYL,0
CASSVGVLAGNEQFF,SPRWYFYYL,0
CASSWGGEQYF,SPRWYFYYL,0
CAISELEGTEAFF,SPRWYFYYL,0
CASSEALRGTDPQYF,SPRWYFYYL,0
CSATPTGVGQPQHF,SPRWYFYYL,0
CSATDSMNTEAFF,SPRWYFYYL,0
CASSRTDPILPQHF,SPRWYFYYL,0
CANSLRGSGEQFF,SPRWYFYYL,0
CASSLVCTDTQYF,SPRWYFYYL,0
CASSQDRVSNQPQYF,SPRWYFYYL,0
CASGSAVRGGLETQYF,SPRWYFYYL,0
CASSPGTGSNTEVFF,SPRWYFYYL,0
CASSGQGAQPQHF,SPRWYFYYL,0
CSALEGRAGMWNTEAFF,SPRWYFYYL,0
CSVEDLGSTDTQYF,SPRWYFYYL,0
CASSPVTGGGSGANVLTF,SPRWYFYYL,0
CASSSRTGAVQPQHF,SPRWYFYYL,0
CASRPGGDIYEQYF,SPRWYFYYL,0
CAASFHTDKLIF,SPRWYFYYL,0
CASSLGQGLLYGYTF,SPRWYFYYL,0
CASSGGANTGQLYF,SPRWYFYYL,0
CASSFSFRENTEAFF,SPRWYFYYL,0
CSLQGGRYNEQFF,SPRWYFYYL,0
CSVRPPSDRVIRPEAFF,SPRWYFYYL,0
CASSRDWNTGQLYF,SPRWYFYYL,0
CASSPGTGLEKLFF,SPRWYFYYL,0
CAASGYNFNKFYF,SPRWYFYYL,0
CASSLTHTYEQYF,SPRWYFYYL,0
CAGIPDSNYQLIW,SPRWYFYYL,0
CASRPNLGGTTEAFF,SPRWYFYYL,0
CAAPHSGAGSYQLTF,SPRWYFYYL,0
CASSKRGPNTEAFF,SPRWYFYYL,0
CASSRGPNYEQYF,SPRWYFYYL,0
CASSLRTSGGADTQYF,SPRWYFYYL,0
CAVLNQGGKLIF,SPRWYFYYL,0
CAVYYGDKLIF,SPRWYFYYL,0
CVGYTNAGKSTF,SPRWYFYYL,0
CASSFGQAPLF,SPRWYFYYL,0
CASGGTDSAETLYF,SPRWYFYYL,0
CASSESTDTEAFF,SPRWYFYYL,0
CASRDSSYEQYF,SPRWYFYYL,0
CASSLEIYTNTEAFF,SPRWYFYYL,0
CARTGGSYIPTF,SPRWYFYYL,0
CAVRDGNNRLAF,SPRWYFYYL,0
CASSAGTGGAASITEAFF,SPRWYFYYL,0
CASSEGSHSNQPQHF,SPRWYFYYL,0
CASSQDGWAGDQPQHF,SPRWYFYYL,0
CALHSGGGADGLTF,SPRWYFYYL,0
CASSFSGNTGELFF,SPRWYFYYL,0
CASSEYASHEAFF,SPRWYFYYL,0
CAMREGESSASKIIF,SPRWYFYYL,0
CAAHSGYSTLTF,SPRWYFYYL,0
CSARGTGTGSEQYF,SPRWYFYYL,0
CASSLRQGANAGELFF,SPRWYFYYL,0
CAVGGETGANNLFF,SPRWYFYYL,0
CASSPHRSLSEINNYGYTF,SPRWYFYYL,0
CASYTLGYTNTGELFF,SPRWYFYYL,0
CVVSGYNTDKLIF,SPRWYFYYL,0
CAVRVINTDKLIF,SPRWYFYYL,0
CAVSDNYAQGLTF,SPRWYFYYL,0
CAVNSADKLIF,SPRWYFYYL,0
CALSEAGGSGAGSYQLTF,SPRWYFYYL,0
CATGLSYNTDKLIF,SPRWYFYYL,0
CIVRGISNSGYALNF,SPRWYFYYL,0
CASSYMGPNTDTQYF,SPRWYFYYL,0
CASSGDRVTNEQFF,SPRWYFYYL,0
CASRTGQGAYEQYF,SPRWYFYYL,0
CASNFPNISEGTCSNQPQHF,SPRWYFYYL,0
CASSLTVAGVYPGYEQYF,SPRWYFYYL,0
CASSFSGSSYEQYF,SPRWYFYYL,0
CASSDEDWGQDTQYF,SPRWYFYYL,0
CASSEGWARNNEQFF,SPRWYFYYL,0
CLRNSGTYKYIF,SPRWYFYYL,0
CASSSDRSWTDEAFF,SPRWYFYYL,0
CAMKKYNFNKFYF,SPRWYFYYL,0
CASTWGGEQYF,SPRWYFYYL,0
CASSIRSNTEAFF,SPRWYFYYL,0
CAVNRGRSYIPTF,SPRWYFYYL,0
CAVNARGAQKLVF,SPRWYFYYL,0
CASSQDHYGVSGNTIYF,SPRWYFYYL,0
CALAGGTSYGKLTF,SPRWYFYYL,0
CAVSANYAQGLTF,SPRWYFYYL,0
CASGQGYEQYF,SPRWYFYYL,0
CSAPVGLGAADTQYF,SPRWYFYYL,0
CASSLVGGTEAFF,SPRWYFYYL,0
CASSSSDQGRRGYTF,SPRWYFYYL,0
CASSSGQEKLFF,SPRWYFYYL,0
CADSGGGADGLTF,SPRWYFYYL,0
CASSQVSTNEQFF,SPRWYFYYL,0
CAISESSSGANVLTF,SPRWYFYYL,0
CSVGEGANYGYTF,SPRWYFYYL,0
CASSLGGSNQPQHF,SPRWYFYYL,0
CSAQSGPGEVEKLFF,SPRWYFYYL,0
CAVGPNTGNQFYF,SPRWYFYYL,0
CASAGTADNEQFF,SPRWYFYYL,0
CASIQVARGEGQENYGYTF,SPRWYFYYL,0
CAGTDDGSTLGRLYF,SPRWYFYYL,0
CSARVASSYEQYF,SPRWYFYYL,0
CIVIRGGKLIF,SPRWYFYYL,0
CATSTGDSNQPQHF,SPRWYFYYL,0
CASSQDRVKGLYNSPLHF,SPRWYFYYL,0
CASSITGGNNEQFF,SPRWYFYYL,0
CASSLGMRGGWDEQFF,SPRWYFYYL,0
CASSLGAGTVGYEQYF,SPRWYFYYL,0
CASSRLAGGLGEQFF,SPRWYFYYL,0
CASSQRPFPAGGDSYNEQFF,SPRWYFYYL,0
CASGDAGGGYEQYF,SPRWYFYYL,0
CASSLGGTSGMGDGYEQYF,SPRWYFYYL,0
CAVPNAGGTSYGKLTF,SPRWYFYYL,0
CASSQSPAGTNSGNTVYF,SPRWYFYYL,0
CAVINSNYQLIW,SPRWYFYYL,0
CASSPTGTGIETQYF,SPRWYFYYL,0
CAASSNYQLIW,SPRWYFYYL,0
CAVHGYGQNFVF,SPRWYFYYL,0
CVVNREGYSTLTF,SPRWYFYYL,0
CATRSGPTEAFF,SPRWYFYYL,0
CAVVNSNYQLIW,SPRWYFYYL,0
CASSIGVGEAFF,SPRWYFYYL,0
CAAIYSGTSYGKLTF,SPRWYFYYL,0
CATLSNFGNEKLTF,SPRWYFYYL,0
CVVNPTNRGSTLGRLYF,SPRWYFYYL,0
CASSYSHSNYGYTF,SPRWYFYYL,0
CASSLAGQGPNSPLHF,SPRWYFYYL,0
CASSQGSSGNTIYF,SPRWYFYYL,0
CASSLERTVNQPQYF,SPRWYFYYL,0
CSVESKINYGYTF,SPRWYFYYL,0
CASSLAGGRDEQFF,SPRWYFYYL,0
CASQGSNSPLHF,SPRWYFYYL,0
CAVEAAGNKLTF,SPRWYFYYL,0
CAGFHTNAGKSTF,SPRWYFYYL,0
CASSLSWNQPQHF,SPRWYFYYL,0
CASSLRQPDYNEQFF,SPRWYFYYL,0
CALSEDGAGNKLTF,SPRWYFYYL,0
CASSPRTGNTGELFF,SPRWYFYYL,0
CASSLTGWQYF,SPRWYFYYL,0
CAVIAGARLMF,SPRWYFYYL,0
CASSQVALGQGNYGYTF,SPRWYFYYL,0
CASSLIPGPEQFF,SPRWYFYYL,0
CAVTRPMGAGSYQLTF,SPRWYFYYL,0
CASSLAAGGAYGYTF,SPRWYFYYL,0
CASSQAGEGTEAFF,SPRWYFYYL,0
CATSEATDTGELFF,SPRWYFYYL,0
CASGDRTGGYNYAEQFF,SPRWYFYYL,0
CASSLSSPGNQPQHF,SPRWYFYYL,0
CASSAGGQVEEQYF,SPRWYFYYL,0
CAMSGTSYGKLTF,SPRWYFYYL,0
CASTKLALAYEQYF,SPRWYFYYL,0
CAEDNNARLMF,SPRWYFYYL,0
CASRLAGAPSTGELFF,SPRWYFYYL,0
CASNQSPGGTQYF,SPRWYFYYL,0
CASSIEGQGAYEQYF,SPRWYFYYL,0
CASSQGIGAEQFF,SPRWYFYYL,0
CASSLMGGVPYNEQFF,SPRWYFYYL,0
CAVSDNNARLMF,SPRWYFYYL,0
CATSSDRDQPQHF,SPRWYFYYL,0
CASSLVLGSQNTQYF,SPRWYFYYL,0
CASSLRGLAMSSYNEQFF,SPRWYFYYL,0
CASRDLSSYEQYF,SPRWYFYYL,0
CASSWDSAETLYF,SPRWYFYYL,0
CASSVLRAAFF,SPRWYFYYL,0
CASSIRSSHEQFF,SPRWYFYYL,0
CASSFHRDSFNQPQHF,SPRWYFYYL,0
CIAFQGAQKLVF,SPRWYFYYL,0
CVVSDTSGTYKYIF,SPRWYFYYL,0
CAVRYSGAGSYQLTF,SPRWYFYYL,0
CASSPTGLVGLIQNTEAFF,SPRWYFYYL,0
CAYRTYDMRF,SPRWYFYYL,0
CAFF,SPRWYFYYL,0
CAVNFGGGKLIF,SPRWYFYYL,0
CAYRSAQETSGSRLTF,SPRWYFYYL,0
CAVQGLNSGYALNF,SPRWYFYYL,0
CAMREGGSGATNKLIF,SPRWYFYYL,0
CASSLGTGGVTDTQYF,SPRWYFYYL,0
CAGETSYDKVIF,SPRWYFYYL,0
CASSYFGLAFQETQYF,SPRWYFYYL,0
CATSDWSASGLDDNEQFF,SPRWYFYYL,0
CAENNAGNMLTF,SPRWYFYYL,0
CASSLGKTSNQPQYF,SPRWYFYYL,0
CVVNLQMDSSYKLIF,SPRWYFYYL,0
CASSVRSTDTQYF,SPRWYFYYL,0
CAESSRGKLIF,SPRWYFYYL,0
CASSLSGRPYEQYF,SPRWYFYYL,0
CAVASNYQLIW,SPRWYFYYL,0
CSARIARINAYEQYF,SPRWYFYYL,0
CASSIRSAYEQYF,SPRWYFYYL,0
CALLNRDDKIIF,SPRWYFYYL,0
CAAENTDKLIF,SPRWYFYYL,0
CALATDSWGKLQF,SPRWYFYYL,0
CASSEAVDRGNTEAFF,SPRWYFYYL,0
CAAGGYSGAGSYQLTF,SPRWYFYYL,0
CASSETGRRTEVFF,SPRWYFYYL,0
CASSYSSGGADTQYF,SPRWYFYYL,0
CASSLWGPRTYEQYF,SPRWYFYYL,0
CASSLYAGASEKLFF,SPRWYFYYL,0
CVGRKGSARQLTF,SPRWYFYYL,0
CAASEAAGNKLTF,SPRWYFYYL,0
CASSYLGEETQYF,SPRWYFYYL,0
CAVEPPGGYNKLIF,SPRWYFYYL,0
CASSFNMATGQYF,SPRWYFYYL,0
CASSTGTPQFF,SPRWYFYYL,0
CASSPDRGEQYF,SPRWYFYYL,0
CAAYGNNRLAF,SPRWYFYYL,0
CAAKEATGRRALTF,SPRWYFYYL,0
CASRRTTESTHGYTF,SPRWYFYYL,0
CATENSGGSNYKLTF,SPRWYFYYL,0
CALGDSGAGSYQLTF,SPRWYFYYL,0
CASSFSSGWDQPQHF,SPRWYFYYL,0
CASRGTGQETQYF,SPRWYFYYL,0
CASSLSGSWTEAFF,SPRWYFYYL,0
CAGAPSLFSNDYKLSF,SPRWYFYYL,0
CAVSANNYAQGLTF,SPRWYFYYL,0
CVVSARNYGGSQGNLIF,SPRWYFYYL,0
CSVTAGEDQPQHF,SPRWYFYYL,0
CASSETGNSNQPQYF,SPRWYFYYL,0
CASSRSTGELFF,SPRWYFYYL,0
CAVRLGETSGSRLTF,SPRWYFYYL,0
CASSSGQPNTGELFF,SPRWYFYYL,0
CASSQTENTGELFF,SPRWYFYYL,0
CASSYFSYEQYF,SPRWYFYYL,0
CASSYGAGGYNEQFF,SPRWYFYYL,0
CASSKRSSYEQYF,SPRWYFYYL,0
CASSWHLKETQYF,SPRWYFYYL,0
CSVQEGGYGYTF,SPRWYFYYL,0
CAVTTDSWGKLQF,SPRWYFYYL,0
CAVREGDYKLSF,SPRWYFYYL,0
CASSLRGTGPDEKLFF,SPRWYFYYL,0
CASGFDWNNEQFF,SPRWYFYYL,0
CAVRDSNYQLIW,SPRWYFYYL,0
CAVNSNYGQNFVF,SPRWYFYYL,0
CLVGEDGQKLLF,SPRWYFYYL,0
CAESIGKLIF,SPRWYFYYL,0
CASSLGAQRSSYEQYF,SPRWYFYYL,0
CLVGELSGYSTLTF,SPRWYFYYL,0
CAVSVPLGNTPLVF,SPRWYFYYL,0
CATVDRFMDTGRRALTF,SPRWYFYYL,0
CAGGHTYNQGGKLIF,SPRWYFYYL,0
CASGVVGGGAANEQFF,SPRWYFYYL,0
CALSGFSQGGSEKLVF,SPRWYFYYL,0
CASSQNYEQYF,SPRWYFYYL,0
CASSEVTGAVNSPLHF,SPRWYFYYL,0
CASSQSPGGEQYF,SPRWYFYYL,0
CASSHQPRLTEAFF,SPRWYFYYL,0
CASSYGQALLADEQFF,SPRWYFYYL,0
CASRLGAAGSQPQHF,SPRWYFYYL,0
CASYRLNTAQLFF,SPRWYFYYL,0
CASSLMIGAGEAKNIQYF,SPRWYFYYL,0
CASIPGQGNGYTF,SPRWYFYYL,0
CASSQDGTGISTGELFF,SPRWYFYYL,0
CASSQERGGKWAYEQYF,SPRWYFYYL,0
CASRDKAAQDEKLFF,SPRWYFYYL,0
CAVDFRDNYGQNFVF,SPRWYFYYL,0
CASSESGQGNSPLHF,SPRWYFYYL,0
CAFRGSQGNLIF,SPRWYFYYL,0
CASSLGHTGELFF,SPRWYFYYL,0
CASSLWLNNEQFF,SPRWYFYYL,0
CASSMGGQTYGYTF,SPRWYFYYL,0
CASSFAPQGNYEQYF,SPRWYFYYL,0
CSALTSDIRTEAFF,SPRWYFYYL,0
CARSSFGPSNQPQHF,SPRWYFYYL,0
CASSSGGSQPQHF,SPRWYFYYL,0
CSALGTGRSYEQYF,SPRWYFYYL,0
CASSPIGGGSANYGYTF,SPRWYFYYL,0
CASSFQGGSRHAFF,SPRWYFYYL,0
CASTPGTSGAGGEQYF,SPRWYFYYL,0
CASSLMRGGTYNSPLHF,SPRWYFYYL,0
CASSMRSAWEQFF,SPRWYFYYL,0
CVVSDRNTGNQFYF,SPRWYFYYL,0
CASSISRTSNQPQYF,SPRWYFYYL,0
CAVKTGGYQKVTF,SPRWYFYYL,0
CAYRGPLDNYGQNFVF,SPRWYFYYL,0
CALSEPPGKSSASKIIF,SPRWYFYYL,0
CAGAGPYKYIF,SPRWYFYYL,0
CSASPPGTSVNNEQFF,SPRWYFYYL,0
CASSQNYAEQFF,SPRWYFYYL,0
CAENGRGSYIPTF,SPRWYFYYL,0
CAVRTGNQFYF,SPRWYFYYL,0
CAVSRSQFYF,SPRWYFYYL,0
CASSKDPPGTGGASGYTF,SPRWYFYYL,0
CASSLGQNYGYTF,SPRWYFYYL,0
CASRRGTVYNEQFF,SPRWYFYYL,0
CASSSQGYGRAQHF,SPRWYFYYL,0
CASSISGQGTDTQYF,SPRWYFYYL,0
CASSSTSGGNLQETQYF,SPRWYFYYL,0
CAGARVDTQYF,SPRWYFYYL,0
CASSPRAGGITDTQYF,SPRWYFYYL,0
CAAAGGNNKLTF,SPRWYFYYL,0
CASSIYGLAGANNEQFF,SPRWYFYYL,0
CASSLKGAMNTEAFF,SPRWYFYYL,0
CASSTPWGGTSGATDTQYF,SPRWYFYYL,0
CAVNARGTYKYIF,SPRWYFYYL,0
CASSDSAGQGDTGELFF,SPRWYFYYL,0
CASSSRDRASVFSQETQYF,SPRWYFYYL,0
CASSLEGLAGADGELFF,SPRWYFYYL,0
CAATNQAGTALIF,SPRWYFYYL,0
CASSIRSTDTQYF,SPRWYFYYL,0
CASTSDRGLYEQYF,SPRWYFYYL,0
CASSITEGEDSVSTDTQYF,SPRWYFYYL,0
CASSKARTGELFF,SPRWYFYYL,0
CAGGGSQGNLIF,SPRWYFYYL,0
CASSPIGGAGELFF,SPRWYFYYL,0
CASSSYNSPLHF,SPRWYFYYL,0
CASSISGIGTGELFF,SPRWYFYYL,0
CASSPRPGQGNFFF,SPRWYFYYL,0
CAMREGRGAGGTSYGKLTF,SPRWYFYYL,0
CAASATSSGQKLVF,SPRWYFYYL,0
CASSLFPDKTYQETQYF,SPRWYFYYL,0
CASSLVGTGRTDTQYF,SPRWYFYYL,0
CATRITGEKLFF,SPRWYFYYL,0
CALSEAAGNQFYF,SPRWYFYYL,0
CASSYGGPLADTQYF,SPRWYFYYL,0
CAGQYGGSQGNLIF,SPRWYFYYL,0
CASSPLSASEEFF,SPRWYFYYL,0
CASSQSPGGTQYF,SPRWYFYYL,0
CAMRDYNVLYF,SPRWYFYYL,0
CASSIAAVSLANYGYTF,SPRWYFYYL,0
CVVNSPSGNTPLVF,SPRWYFYYL,0
CASSDQNGNIQYF,SPRWYFYYL,0
CASSDGWGEAFF,SPRWYFYYL,0
CASSLQGDTIYF,SPRWYFYYL,0
CASSQEVGRLSGNTVYF,SPRWYFYYL,0
CAVNYGGSQGNLIF,SPRWYFYYL,0
CAFMTNAGGTSYGKLTF,SPRWYFYYL,0
CASSDPTVSDVNEQFF,SPRWYFYYL,0
CASSVRSTGGLFF,SPRWYFYYL,0
CASSLVGRGPSSDTQYF,SPRWYFYYL,0
CAWSVRQGGNTIYF,SPRWYFYYL,0
CAMKKTSYDKVIF,SPRWYFYYL,0
CVVFNFNKFYF,SPRWYFYYL,0
CASSEARRGTDPQYF,SPRWYFYYL,0
CAVSDIGYSTLTF,SPRWYFYYL,0
CASSPGGGVYGYTF,SPRWYFYYL,0
CALSASNTNKVVF,SPRWYFYYL,0
CASSSHHGSPLGQYF,SPRWYFYYL,0
CAVPPYGGSQGNLIF,SPRWYFYYL,0
CASSSETTSPLHF,SPRWYFYYL,0
CASSGTGSMNTEAFF,SPRWYFYYL,0
CASSVQGAYYGYTF,SPRWYFYYL,0
CASSYSGTERNTVYF,SPRWYFYYL,0
CASSLGINTEAFF,SPRWYFYYL,0
CASRNLINSPLHF,SPRWYFYYL,0
CASSVSPDNTDTQYF,SPRWYFYYL,0
CASSQVQGPNTEAFF,SPRWYFYYL,0
CALIYNQGGKLIF,SPRWYFYYL,0
CASSFSQGAFSETQYF,SPRWYFYYL,0
CASSQEGGFTDTQYF,SPRWYFYYL,0
CASSIRSTGELFF,SPRWYFYYL,0
CASSQETGASGTQYF,SPRWYFYYL,0
CASSTTSGGPKSRELFF,SPRWYFYYL,0
CASSQDTASSYEQYF,SPRWYFYYL,0
CATSDRLVPDTQYF,SPRWYFYYL,0
CASSLRQGVPNEKLFF,SPRWYFYYL,0
CAMKTGRRALTF,SPRWYFYYL,0
CASSGQLLEAFF,SPRWYFYYL,0
CASNNRGLEQFF,SPRWYFYYL,0
CASSLDLGQGSNEQFF,SPRWYFYYL,0
CSATTQTLDRRIRTDTQYF,SPRWYFYYL,0
CAAQGSQGNLIF,SPRWYFYYL,0
CASSLGGTNEQFF,SPRWYFYYL,0
CASSQVESGNTIYF,SPRWYFYYL,0
CASSYRGKQFF,SPRWYFYYL,0
CAMRPTGTASKLTF,SPRWYFYYL,0
CASSVAIWRGSYNEQFF,SPRWYFYYL,0
CAAEAVTGGYKVVF,SPRWYFYYL,0
CAARKGTSGSRLTF,SPRWYFYYL,0
CSARDGLTGHYEQYF,SPRWYFYYL,0
CASSRPGQGVSYGYTF,SPRWYFYYL,0
CAVSERSNYQLIW,SPRWYFYYL,0
CAVQPGANNLFF,SPRWYFYYL,0
CASSQQTSAYNEQFF,SPRWYFYYL,0
CALSEALGGRRALTF,SPRWYFYYL,0
CASSLVGSGDTQYF,SPRWYFYYL,0
CALSEETSGAGSYQLTF,SPRWYFYYL,0
